100 1000 5171487002778.428 6.571293558136355e+18 10 6.67e-08
0.0 0.0 0.0 0.0 0.0 0.0 1.9884098706980512e+33
-3.790930601506152e+18 8.260821217483366e+17 3.3278600672255345e+18 3959.2813262325803 2605.514772950113 -3737.5204085595637 1.9884098706980512e+33
8.790834985520384e+17 5.233632394813451e+17 9.808722466025053e+17 -25819.879466559927 9484.501311454054 -26331.686218220602 1.9884098706980512e+33
-1.6192694087287816e+18 -3.845684746469372e+18 -1.469721523828782e+17 -2458.3442161702205 5076.909302174007 14764.40213569565 1.9884098706980512e+33
-7.18380800318085e+18 -6.374400569390076e+17 -3.710398166303207e+18 14886.781785693365 -3565.93711870483 9754.077175295353 1.9884098706980512e+33
-6.236992130682348e+18 1.437561346635329e+18 3.013964141221729e+17 1050.1677391185563 -4741.748819562534 10997.981608435082 1.9884098706980512e+33
-5.993067130213828e+18 5.348568678717581e+18 1.7594442195337544e+18 -11026.457083082065 -11897.425052471826 -1912.5520906276438 1.9884098706980512e+33
-1.3305122251949197e+17 -2.995806616648952e+18 -4.195273572071779e+17 -1873.2781330518792 22458.929242601826 12225.47250757708 1.9884098706980512e+33
-5.78049528101945e+18 4.087670391205698e+18 6.118022594202391e+18 873.2015486555599 -1890.5549013641746 11738.93234890648 1.9884098706980512e+33
-3.130517363112594e+18 3.793387539803594e+18 5.915052160053257e+18 -11090.31962381706 6406.697777075306 -15637.744792743822 1.9884098706980512e+33
4.61856753953953e+18 5.340981440962637e+18 2.054021436959493e+18 14289.152065639479 -24183.664408817996 5947.286380325975 1.9884098706980512e+33
1.1307013318299165e+18 -7.495895037558949e+17 -6.409636136573167e+18 16922.988779360123 9684.93759962459 -24410.93955690416 1.9884098706980512e+33
-5.331296187942427e+18 -4.747063288808177e+18 4.424387678784463e+18 -22817.03185127812 -1169.2108950890438 -14558.039162189674 1.9884098706980512e+33
3.5581291257081216e+18 -6.323794121662452e+18 5.985256374498542e+18 20425.339984634757 -10694.018321850252 -16770.67730496493 1.9884098706980512e+33
4.20243616262168e+18 -3.303633525363941e+18 -1.5647592981672146e+18 10781.880045508562 -8634.325976854161 3949.206469724077 1.9884098706980512e+33
-5.697824842336071e+18 -2.097869586115693e+18 4.628689619805451e+18 3672.4802974719314 -17664.56587039778 -494.9025168174536 1.9884098706980512e+33
6.840445564807625e+18 4.86375587432045e+18 -2.610179405734073e+18 8953.222225367017 20802.98502136996 -28763.8148796634 1.9884098706980512e+33
5.015398995598015e+18 3.370146257720363e+18 -5.490733936535175e+18 -18809.412055477733 4267.775980084859 -18496.270400465957 1.9884098706980512e+33
2.3227675771212667e+18 4.188879964226369e+18 5.829545777901715e+18 -16245.830503929423 -17036.537904893346 -23507.12963958912 1.9884098706980512e+33
-5.692415491635888e+17 -1.7229022455583063e+18 -4.75774687351178e+18 -21854.100307387038 8426.582210398752 -7724.377340941901 1.9884098706980512e+33
-1.820771347210603e+17 7.462549122390692e+18 3.64919337333894e+18 2105.9921394283474 15797.680770940426 -11329.59652494186 1.9884098706980512e+33
1.361906719324275e+18 4.4372441568191427e+18 -1.4689004884832902e+17 13028.026974211629 -19146.096172935882 -3372.5865151441226 1.9884098706980512e+33
-1.90277293834425e+18 6.545005501919772e+18 3.716873422767703e+18 -4782.621734238045 -18108.86706582042 -6454.801552174292 1.9884098706980512e+33
2.789159529876504e+18 4.732578544233843e+17 -4.2351880968451123e+18 14277.419856208457 6271.13878882724 -18913.598064041267 1.9884098706980512e+33
4.407660151378432e+17 5.383309888072095e+18 -1.521767802536836e+18 7861.948629902702 4217.382967617754 -5904.20626474727 1.9884098706980512e+33
-1.6482409801261716e+18 -3.5690814737384914e+18 2.539461349655968e+18 18604.55524404865 -928.9473868642389 8063.316268695436 1.9884098706980512e+33
4.997101130275146e+18 -2.863148880245842e+18 -8.192412570916788e+17 -26368.47403114401 -1993.2009097631478 2902.9259507858046 1.9884098706980512e+33
-8.653640013649727e+17 -3.6667042641372385e+18 -5.759810185834008e+18 -26033.420466596337 27438.94600164949 -10771.07912026161 1.9884098706980512e+33
-2.8028071414263004e+18 -6.59304886860958e+17 -4.0660966678426276e+18 -22972.608732628494 -5731.957631534826 -30323.5332966842 1.9884098706980512e+33
2.323495855857776e+18 -5.054620092246566e+18 5.07523384851453e+18 -16796.06451068482 7275.735233538366 -4731.5643122734555 1.9884098706980512e+33
4.797540128633445e+18 -6.783427417203046e+17 -4.492692527652242e+18 9371.032883499445 -21338.631134295985 846.2044859000841 1.9884098706980512e+33
8.635878260813092e+17 62604040305540.99 -1.4675435056150915e+18 20220.54835723792 868.4884778984144 5668.074869023251 1.9884098706980512e+33
-6.173131434575977e+18 4.4726562318888054e+18 -1.3900018811407255e+18 -14429.952566698295 9817.776368754834 -1609.027819700907 1.9884098706980512e+33
-3.934419731396643e+18 -5.481498649380173e+18 -3.2815405627075e+18 -24948.606152320113 -1031.0815558719214 -847.9208453145891 1.9884098706980512e+33
5.156230590747662e+18 1.5267579596639488e+18 -3.768715971819922e+17 15821.430783363707 -24200.396405854943 1666.7866900885822 1.9884098706980512e+33
-6.003393423637984e+18 -3.964172451854148e+18 1.4554865834876064e+17 23500.230632547726 -3257.375294767494 25960.282748109457 1.9884098706980512e+33
-6.940458203829528e+17 -1.420805575864761e+18 4.141677505474396e+17 14758.571389140385 -2493.60508046483 2085.954703777984 1.9884098706980512e+33
8.735197797954511e+17 2.7774502166274345e+18 5.008321377772555e+18 1375.3151356173792 -12188.796716693301 156.63334211832756 1.9884098706980512e+33
2.6228130849690015e+18 1.6990207671115174e+18 -3.2664339511901614e+18 -14849.854520908 -5315.780054990294 -15636.512337753948 1.9884098706980512e+33
1.4649843927761326e+18 -2.4894149693899494e+18 -3.9452026680168187e+18 16034.512302368126 352.96377363086515 -17908.999243748196 1.9884098706980512e+33
-7.271969867026781e+17 -1.0799494046505235e+18 2.4257019533152676e+18 6785.390247615704 17003.1316552935 2595.9264538322477 1.9884098706980512e+33
3.1001172841605903e+18 4.0668597137765883e+18 -1.1161711973822085e+18 -22261.849269571445 -19774.944417779534 142.99671025552476 1.9884098706980512e+33
3.2330247136679485e+18 1.7384807481054735e+18 7.194259748322275e+18 7530.083042545132 -12304.945560326727 961.1029809841598 1.9884098706980512e+33
3.8397116565945866e+18 -1.2715274241959214e+18 -3.442503177871191e+18 11757.371718648577 22793.642500793132 -12341.065188054223 1.9884098706980512e+33
7.64373089834558e+18 1.691650729373736e+18 4.9358203280825734e+17 25471.851990432075 -8754.63430900253 -25651.185187691284 1.9884098706980512e+33
1.2316067207636147e+18 -4.78302486068317e+18 -4.927549925391136e+18 -16860.72688487253 10190.438322840891 10488.015591569125 1.9884098706980512e+33
1.83820905467521e+18 5.326154852647058e+18 -3.4369665535626424e+18 12290.082387118337 -8310.409906904804 24382.37172530396 1.9884098706980512e+33
-2.152010710962486e+18 -2.275814229126809e+18 3.706329634255104e+18 -5425.000166865158 6731.208884135994 -39708.55552824296 1.9884098706980512e+33
-9.313038779940612e+17 -2.1936981594462113e+18 3.5316399664367483e+18 -15001.042200055213 24679.99499002245 18364.84729571174 1.9884098706980512e+33
5.74448270699927e+18 -1.204524485085242e+18 1.3884016398077816e+18 -6890.21875566226 -3493.8531074820853 7917.339420577755 1.9884098706980512e+33
2.3631564067324984e+18 1.3952851724092334e+18 -2.43346585158916e+18 9589.346687970694 3866.765407778302 -18533.829817775688 1.9884098706980512e+33
1.299913867582066e+18 8.026619620982047e+18 -4.375153191385418e+18 14811.335923205179 6376.489179666324 -10207.085153807528 1.9884098706980512e+33
1.976143985879299e+18 -7.943879300621143e+18 1.9784294370565028e+18 23504.135394346005 558.4910014397992 52.789619172736444 1.9884098706980512e+33
-1.1214193282353496e+18 5.159273705287336e+18 -2.3156992624602086e+18 18012.353202484734 -10999.76861638554 4510.05463580663 1.9884098706980512e+33
3.2859805688521375e+18 -4.008121228483166e+18 -4.790364972833272e+18 17638.158936416155 -12627.968282156553 4539.263330319311 1.9884098706980512e+33
-2.3062024806028406e+18 -1.451419240546021e+18 2.199752790228095e+18 2151.351535438506 -13504.092270186196 -5098.191849909375 1.9884098706980512e+33
4.426265854013076e+18 7.671871138339354e+17 3.246255073545349e+17 15537.09191771229 8146.457314114261 19386.65423989608 1.9884098706980512e+33
-3.874010154357261e+18 3.202463080868812e+18 -3.014814495347332e+18 5428.089528589217 32976.92772641775 24451.784503287414 1.9884098706980512e+33
-3.8438861140756936e+16 7.715037090540257e+18 2.138729495620465e+17 1826.5714158387866 -18225.51241558536 -18196.307512279418 1.9884098706980512e+33
5.258871446870927e+18 -1.680646192238998e+18 3.534971401510655e+18 657.6196638025832 -4356.211112884215 -7251.494956506042 1.9884098706980512e+33
-1.9198447386904246e+18 -4.4432952229602314e+18 2.88011453437512e+18 -20133.154260601335 -14658.61029763919 -13290.942698224575 1.9884098706980512e+33
7.142364940976296e+17 -4.190557503414069e+18 1.0334765063741795e+18 -10274.789408864735 -6320.802824827785 5605.395624202892 1.9884098706980512e+33
-5.664766567553252e+18 -3.2375898442795566e+18 4.1251011442308485e+18 -400.7258431818606 11055.36015063486 4321.003687516491 1.9884098706980512e+33
-2.811792247844897e+18 -4.899256306107221e+18 -1.4154421163096061e+18 17053.691708296774 7277.028886474594 24284.715617940805 1.9884098706980512e+33
8.068392360624897e+17 -1.7945234144133217e+18 -3.4008358145215276e+16 -10335.519077899495 -16930.68261687407 21481.58269315736 1.9884098706980512e+33
5.039010331891784e+18 -3.263833649092592e+18 -3.861311416173688e+18 -21105.4569712093 10520.668185674245 -15303.44304947005 1.9884098706980512e+33
-8813433193945278.0 1.716107787244197e+18 1.6951794138512584e+18 9872.755239387505 -34466.014206795946 -7293.633622845619 1.9884098706980512e+33
-3.541388664139341e+18 -6.427887424896501e+18 -4.518912113417121e+18 -2475.810915776916 15039.318396953044 -11613.02116223072 1.9884098706980512e+33
-2.4617964268484413e+18 -3.564805834810443e+18 2.28937058261998e+18 -19910.99653687213 21037.31549414415 -12202.529177222326 1.9884098706980512e+33
1.7732058975195412e+18 8.066330758740403e+17 -6.03262489076746e+18 13524.128376291861 4886.880702440498 2015.2730874979823 1.9884098706980512e+33
1.4516534891561608e+18 -9.300041681555223e+18 6.245001149572531e+17 -6411.495913617699 -9039.120556321239 -6413.35363627693 1.9884098706980512e+33
3.7756802237999017e+18 -2.8136948689599534e+18 3.1208014498110336e+18 -18294.35659013555 -2150.0505182952893 2715.580508612599 1.9884098706980512e+33
-6.270211962515066e+18 1.0501155721784292e+18 5.25229294501846e+18 10789.152250974306 -9405.798177037157 10648.956466748657 1.9884098706980512e+33
-2.9119054322568986e+18 2.2268249289968058e+17 2.5620669596811116e+18 -20018.04740372422 -5318.647385895457 -1156.2048447745226 1.9884098706980512e+33
1.2842275004475412e+18 -3.305753471118691e+18 -5.228485360090572e+18 8440.527567775136 -6825.973161800975 -3801.8216610389222 1.9884098706980512e+33
4.239524683833572e+18 -2.963922216913852e+18 4.3419204182767734e+18 -3932.103849665124 -24732.035315193603 -4100.370098867757 1.9884098706980512e+33
-5.833623301424323e+18 -5.888792800498843e+18 -5.573677779646242e+16 13106.105238311124 -8001.280603320508 -4620.5179439540525 1.9884098706980512e+33
-5.116135221979784e+18 -1.807291489874902e+18 2.8695701915537027e+17 14312.012697772087 -6992.075786400874 5885.859880460547 1.9884098706980512e+33
1.9012329841141594e+17 9896343737973888.0 1.2952815470993475e+18 23667.76633494655 -13176.373918070414 -4275.709679755535 1.9884098706980512e+33
-3.74397498956064e+18 -2.4467390292517274e+18 6.196589954417889e+17 2310.374922404279 -29353.132329709384 -25084.89793849629 1.9884098706980512e+33
-1.9271497125579505e+18 -2.062498787278549e+18 -4.269325580137089e+18 -6326.685203146374 -12647.920852678702 2552.501417477802 1.9884098706980512e+33
-1.7741797059644764e+18 -7.573208770456009e+18 3.616426205245203e+18 -3986.8263088015974 -1940.2902194712358 1603.1281714143324 1.9884098706980512e+33
2.485527981754309e+18 4.237558021107607e+18 2.1780366860525176e+18 19866.7751672074 -9746.254773106932 12893.270379591397 1.9884098706980512e+33
4.655446788427563e+18 -2.0120566059648924e+18 -6.0560268299674e+18 -2287.5344970784417 -25048.518733101926 -1387.3002073080897 1.9884098706980512e+33
5.128608497139141e+18 -1.6550326284067594e+18 6.404569648156623e+17 -14966.86693708777 18199.228313236083 -17833.68347294323 1.9884098706980512e+33
3.924229830738155e+18 -5.312339491585639e+18 -4.340198367447645e+18 -10325.65385962371 1433.310841155982 10378.006409749582 1.9884098706980512e+33
5.437338671501522e+18 1.5108772714071002e+18 -3.0064321868042834e+18 2884.8886402749135 -8890.627888382925 -17951.20908066752 1.9884098706980512e+33
-5.132643403384479e+18 7.19516450224095e+17 -5.392141852766822e+18 -7952.3765137839955 -131.9776791502345 14599.804588600904 1.9884098706980512e+33
-5.76105565010993e+18 -1506849795983606.8 6.626520168999732e+18 1069.4544949852423 -2608.4657607010554 17475.48899139618 1.9884098706980512e+33
-3.168913287693741e+17 2.5382669475938207e+18 -7.060458658914957e+17 -16024.518451734517 5409.591520541767 10857.151234321323 1.9884098706980512e+33
4.2082599658915973e+18 -7.998765784732602e+16 -3.93345576410817e+17 -10637.472188866424 6630.5568807259615 16067.211237760173 1.9884098706980512e+33
-1.9055585007907745e+18 -4.055584191850857e+18 1.3012986789130568e+17 -18752.87583981176 -17265.36675374041 8103.888657469261 1.9884098706980512e+33
-2.4546617615861565e+17 -5.92346580078052e+17 -1.7273316603179098e+18 -4634.791710174715 -9212.40759786762 17516.42456927467 1.9884098706980512e+33
-3.8179145632890163e+18 2.8120163681745738e+17 -4.550789441886932e+18 -7056.910083879999 -21434.662445891645 -13666.694987591167 1.9884098706980512e+33
-2.968695734977098e+18 4.682501568720271e+18 4.876077338283619e+18 299.5158416323548 -16891.794386016096 -56.98166631266204 1.9884098706980512e+33
7.53852174883914e+17 1.8610821993830623e+18 -1.0522673680492421e+18 21202.16228292052 24380.850056140258 -20181.755050916072 1.9884098706980512e+33
3.0406992296719657e+18 -4.538640723275895e+18 4.776554145140778e+18 -10215.619817065008 -6935.05134768689 9078.465468898848 1.9884098706980512e+33
-3.0183165643252234e+18 -6.531262028697527e+18 -4.964339416932296e+17 -5774.496466255158 15665.138207935172 -2850.0426618487945 1.9884098706980512e+33
4.077090870996498e+18 1.3399180165749165e+17 -1.0282694650605847e+18 -948.9755131911571 -13331.926066843507 -23287.191194625695 1.9884098706980512e+33
-3.924102303166194e+18 6.8882153467371e+17 4.0665660745366236e+18 18559.932827303644 -5103.703868842485 -13595.738768604893 1.9884098706980512e+33
