200 1000 3656793528482.72 1.303909788372188e+18 10 6.67e-08
0.0 0.0 0.0 0.0 0.0 0.0 1.9884098706980512e+33
-5.888600578057118e+18 1.1605917014529283e+18 -4.608879798850126e+16 -53064.67318304323 23409.020009887627 -5015.706535219131 1.9884098706980512e+33
-6.692358703351185e+18 1.1624292638727951e+18 -4.788412747322341e+17 -2010.9037887354755 2526.9230701511 -25914.69237246902 1.9884098706980512e+33
9.160434409656692e+17 2.721710908770094e+18 2.2297054711213765e+18 10042.71884957206 6108.806018891504 22663.40640006322 1.9884098706980512e+33
-1.699251499547716e+18 3.988094126982782e+18 -3.165942077173309e+18 -2899.1601017180346 8281.364506319776 12486.24057268952 1.9884098706980512e+33
-4.854697157586728e+18 4.891614569109261e+18 -4.3899192834748093e+18 22812.642768958736 34063.09255709407 -339.92371441578 1.9884098706980512e+33
-5.791619486985905e+18 1.8930675254060552e+18 -7.442144670679163e+17 12650.023014689896 -12848.226174567631 -2298.796807163816 1.9884098706980512e+33
-5.805928856200959e+18 4.629300645022839e+18 -3.330216581455106e+18 11615.916484499863 5244.606105268839 7728.707327724377 1.9884098706980512e+33
2.524093774626852e+16 -4.400577758649178e+18 1.9479446556186112e+18 3402.0235677297483 31446.45470466903 5944.680981313545 1.9884098706980512e+33
-2.275704791429151e+18 3.59585997421536e+18 1.3212119576203796e+18 76.38854248657955 21896.355666809213 24067.36774105546 1.9884098706980512e+33
-4.579119280323e+18 1.4288463028069993e+18 -2.815473438289914e+18 -19788.77761316912 -7838.769184548698 8310.482296571821 1.9884098706980512e+33
-4.4746049810970644e+18 4.3570930377252166e+17 -4.3745109491855037e+18 -39283.460077666336 14692.50965352921 8609.838091221007 1.9884098706980512e+33
-1.042321375398915e+18 5.241373257594032e+18 7.053532927580488e+18 -8633.580108880145 26967.000893539232 -16367.174429921353 1.9884098706980512e+33
-3.899955484871711e+18 -1.718801036070869e+18 2.7526195895236925e+18 21180.2811092132 -27275.369170254606 17940.472249487913 1.9884098706980512e+33
8.688051321987776e+17 5.071038114660669e+18 -3.1924055206666757e+18 5862.925601444215 2560.1777673634506 -23633.47450537146 1.9884098706980512e+33
5.662542774776344e+18 -8.852727087941769e+17 3.728063133647369e+18 -11101.42285069712 -25241.108041074258 -15884.983999686308 1.9884098706980512e+33
3.964384719384078e+18 3.338530491682482e+18 4.105079344268174e+18 4499.885541086412 15546.018897783146 -15879.095098488406 1.9884098706980512e+33
-3.448472291504113e+18 4.412327305775409e+18 1.5519937342126723e+18 -27670.629789384322 -13328.824952542205 20368.194788104884 1.9884098706980512e+33
3.1054308557026324e+18 -2.2512991482090337e+18 2.21207901363713e+18 -14720.653018787907 -6899.267809619334 -3316.612410494194 1.9884098706980512e+33
-3.023769558825034e+18 7.157676904249341e+18 -5.157729906329746e+18 28008.42909648344 -19851.26120456921 2562.372084140575 1.9884098706980512e+33
5.320478335476628e+18 -3.9442856465772083e+18 -3.9578790522739553e+18 -645.9295221695716 13967.930443580697 -18520.657834538437 1.9884098706980512e+33
2.575582279027478e+17 5.146850513482126e+18 -1.626077247679685e+18 -8272.432520058968 2275.250883937206 25754.837247659965 1.9884098706980512e+33
-2.895142899813182e+18 -2.8165711491666975e+18 3.8721368831589755e+18 -3437.2427060949085 11476.859334834448 16849.934234546246 1.9884098706980512e+33
-3.38849820805208e+18 1.1419232049581774e+18 -4.2376822213857505e+18 73.85350200342424 6549.986192947318 7756.124371753809 1.9884098706980512e+33
-2.7225932286025907e+18 5.620336825915637e+18 -3.357606124801904e+18 -723.8571882518391 6408.234553425527 -21077.842686968754 1.9884098706980512e+33
-3.8647580711128187e+18 3.0609399997140157e+18 2.8901688322386746e+17 -27794.6427853778 -5315.173029810069 32884.54906282047 1.9884098706980512e+33
1.4784830549563187e+18 4.910818498082804e+18 9.731036602725548e+17 2364.7161944244604 -24739.893289099444 -3418.484214777579 1.9884098706980512e+33
3.72946464050082e+18 -1.9210512079922527e+18 5.737279596565274e+18 -20691.077463964033 -13245.242327608414 21372.79612356255 1.9884098706980512e+33
-4.84352363651796e+18 5.011108263891126e+18 -3.886028106163589e+18 1461.6238741317245 22377.56440131936 -2555.4036360487694 1.9884098706980512e+33
-4.891141277169014e+18 3.015185531948659e+18 -1.5444926984868564e+18 -12292.15960062599 32148.81399354719 6268.250933763417 1.9884098706980512e+33
3.503517119076954e+18 -1.9293723056342623e+18 3.405876548767252e+18 33083.81190228362 -17367.65663977632 29636.361320166798 1.9884098706980512e+33
-3.488114707027755e+18 5.479377944358986e+18 -4.0512610044376864e+17 27787.41918532031 -896.0277043543347 -17439.63159158287 1.9884098706980512e+33
-3.24226719932573e+18 -2.9411383301894374e+18 -8.278966040189627e+18 -14384.018848933543 -12505.334872005089 -2121.2539503515377 1.9884098706980512e+33
-7.528143689830759e+18 4.835557800307007e+18 -3.070728490801051e+18 -33608.56315256475 14353.601459600222 16019.77575624552 1.9884098706980512e+33
4.671718708001193e+18 -4.2730278639447055e+18 -1.4003016389495442e+18 -7267.375374448353 -23167.155957529558 30039.461482162107 1.9884098706980512e+33
6.0312923653538e+18 4.976549260059474e+18 -1.7653275714609485e+18 -1424.863163225197 -38005.09644248465 -9072.875033713992 1.9884098706980512e+33
9.811376940522574e+17 4.172080991923532e+17 1.600550535043714e+18 -13297.700349422037 -1186.8976236620033 42766.20766199798 1.9884098706980512e+33
-5.061254950492302e+18 3.839539467409751e+18 2.0021544763250883e+18 -12836.557717209602 -27747.194041910036 -9493.294186827847 1.9884098706980512e+33
-2.5912033698478423e+18 4.632250298154212e+18 -6.480038845314153e+18 5910.249117699279 16902.198870271113 -23112.88610709955 1.9884098706980512e+33
-4.757402302166392e+18 6.033882847821613e+18 -4.630786998863426e+18 -6630.102386271689 -6369.244917641462 -1519.2387146229596 1.9884098706980512e+33
-5.785521334658585e+18 -2.242066327426204e+18 4.2436124407509524e+18 -19451.38807877273 -4744.058515385588 -15354.802963975786 1.9884098706980512e+33
3.872499319960454e+18 1.103568451571825e+18 -1.7875109778762952e+18 -3696.3716249860995 13686.907955870154 -34015.86377069528 1.9884098706980512e+33
-3.762968148781834e+18 1.378355435227108e+18 6.564845962869796e+17 -7267.322815698268 3770.1975065868987 16902.349706606365 1.9884098706980512e+33
-3.359697998542203e+18 4.932807411004343e+18 -1.8384640934562263e+18 -17450.770614581877 4097.501739698662 5613.183264211022 1.9884098706980512e+33
5.502486544707226e+18 -2.864807788952524e+18 -2.4094252554337664e+18 10166.856404322636 39300.30735538886 27705.282805185547 1.9884098706980512e+33
-4.2071680461830323e+18 4.674769230665081e+18 4.2490372595836717e+17 24701.60383049002 2952.0270930540055 -25925.70934507014 1.9884098706980512e+33
6.283728799767831e+18 4.371148745572455e+18 4.982516489992899e+18 -32077.450594867176 5751.721751667048 -26348.49245431685 1.9884098706980512e+33
-5.227282163804847e+18 -4.713036342715417e+18 -6.57073982624729e+17 1538.1247287504195 -27254.24969345277 -47810.12273537311 1.9884098706980512e+33
-4.1101983821844193e+18 9.043080085528429e+17 5.274105258956165e+18 -13776.08576721393 -12251.380254257498 678.3965564876211 1.9884098706980512e+33
-2.3864162514883195e+18 6.758296621803127e+18 -3.2644348572299735e+18 -14562.075131201957 -4220.757064864261 -12576.208051197536 1.9884098706980512e+33
4.4596925992341484e+18 1.8289023025699195e+18 -3.332779088613719e+18 11357.855467675347 -1604.7685763068355 10259.596909804826 1.9884098706980512e+33
-4.062890741655204e+18 -2.919609325353819e+18 1.4405899476396014e+18 26087.424196721542 6723.615670053703 -19117.595574962532 1.9884098706980512e+33
2.412221613986247e+18 -3.5735941101152297e+18 4.2427944376637635e+18 -10863.895787086214 -6224.129812600548 2379.8300480428443 1.9884098706980512e+33
-3.482459539729179e+18 -2.1589842791712346e+18 1.9484607932758756e+18 4327.207118548925 3037.562828843415 -14469.253635648896 1.9884098706980512e+33
-2.0305281263087862e+18 -3.375336649120151e+17 -4.2681580656146985e+18 -38195.71074373336 13708.56087930594 22389.72453568977 1.9884098706980512e+33
8.188745525880672e+17 -1.3126846429015798e+18 -3.034939400184977e+18 10412.037863726357 13322.813384352656 -11883.114374635812 1.9884098706980512e+33
-2.7293839950520704e+18 5.175533088134813e+18 2.2185907338818284e+18 5428.35904217024 -6336.373966726782 14349.942229744764 1.9884098706980512e+33
-1.849557322540287e+18 -6.0934385532644e+18 7.602386910222072e+17 -44726.79704389697 23299.87353605852 -6458.496180534342 1.9884098706980512e+33
-5.942731068008292e+18 1.101129177030153e+18 2.33438363698075e+17 22923.81772264536 106.84204257963616 -25954.260869146023 1.9884098706980512e+33
-5.011696386441457e+18 -2.9875586423352873e+18 7.644927091504842e+17 3199.733210047009 6234.441942228175 33134.87500658581 1.9884098706980512e+33
-4.332484324062575e+18 -3.890830319397424e+18 6.629815205742942e+18 -13236.67545894016 14842.52109803371 428.235263166358 1.9884098706980512e+33
2.892270077558147e+18 6.714061287181229e+18 -2.9966051878574003e+18 9308.88739383668 35977.97400268556 -10645.613944009852 1.9884098706980512e+33
6.344897742518617e+18 2.228722642805062e+17 6.527670603634696e+17 40219.94900225078 -10502.388385674885 32001.068998326362 1.9884098706980512e+33
-5.436421192553081e+18 -1.940446564635485e+18 1.3985722604415278e+18 25161.941482741793 9026.967198507915 -39054.41074811676 1.9884098706980512e+33
-3.6246750717857336e+18 6.230938771138249e+18 -2.833127030545765e+18 -2642.498371395214 10687.458017675592 13713.349125211165 1.9884098706980512e+33
9.442366305706456e+17 -5.991876435782874e+18 6.910952945804938e+18 7970.955407773163 -14332.999927099852 -26522.284915411474 1.9884098706980512e+33
-9071213550137346.0 -2.408897857866927e+17 -3.3481103304260774e+17 3872.0078217150754 -11178.375023305207 10650.237020516784 1.9884098706980512e+33
-2.271495995665994e+18 -6.241249165432519e+18 -5.986131201174317e+18 -4301.838236964761 24716.14019518955 43058.66627147084 1.9884098706980512e+33
-5.355654617784212e+18 -6.816599025728881e+18 4.768902651979193e+17 -17217.47394211362 -22149.614067696453 -9987.017767760297 1.9884098706980512e+33
1.2860408585554726e+18 7.930894279827539e+17 4.73444485474259e+18 -26864.861056742502 43156.26644780462 -4685.4323424159975 1.9884098706980512e+33
4.7928827736939974e+17 4.927029748612574e+18 3.2083164916008417e+18 -11212.944394806244 -9790.715448177873 -18836.874994545513 1.9884098706980512e+33
2.6010854595171707e+18 1.0927716957329902e+18 2.6103326767902223e+18 -8779.591282345464 -7583.758112656758 -6360.879337027247 1.9884098706980512e+33
3.3021865538116557e+18 -2.9965866372404367e+18 7.70027019165615e+18 32438.191620630787 -13712.561706505941 -22364.38195643929 1.9884098706980512e+33
3.9439458278936755e+18 2.1512863014210675e+18 -6.239317260538144e+18 -16400.68464116995 -7638.311711060753 -29549.645572983798 1.9884098706980512e+33
-7.103506074546869e+18 -5.91430697487027e+17 7.999822444583873e+17 -9898.796395473799 29874.867491007855 12033.19815036536 1.9884098706980512e+33
-4.317451548654216e+18 2.5992318604519245e+18 -9.570277136816873e+17 10738.064583239388 -5957.91824084021 -18477.98789802993 1.9884098706980512e+33
-7.02554404823021e+17 5.630317530236084e+18 2.5286807683062287e+18 -17475.54623911999 780.854023319757 15783.437018057912 1.9884098706980512e+33
5.966751668712472e+17 6.132732553757649e+18 4.3687337402739364e+18 -14043.0785749328 30135.723533071843 -41722.822054255295 1.9884098706980512e+33
-2.834843734871391e+18 2.0862359898439706e+18 -3.2269374809177544e+18 13823.775363254248 -15198.263465377599 -6664.68844931535 1.9884098706980512e+33
-4.464029972681952e+17 -5.62194108083686e+18 -5.436921978942179e+18 -13258.773515687066 14394.665560544545 22659.55296263095 1.9884098706980512e+33
5.5016364321655245e+17 -1.81590330380885e+18 -1.400723493492169e+18 32598.427000452135 21599.281528821135 606.6321468935281 1.9884098706980512e+33
6.379176635575646e+18 -1.150320267015196e+18 -3.0999001422935675e+18 31781.433872827387 -6215.117024138812 1145.7057661232986 1.9884098706980512e+33
-3.0190400146975785e+18 6.506896500617989e+18 -2.5597565159223127e+18 12831.972605512916 3015.2884362152536 30279.057508415288 1.9884098706980512e+33
-3.53353573767869e+18 -5.781877690650757e+18 5.112915305620324e+18 8221.018591866481 12980.929155848871 -6221.681977934263 1.9884098706980512e+33
5.0373411434089946e+17 2.211959560522469e+18 -4.748011722159647e+18 998.1862258732683 -18970.52282387625 14823.53642389098 1.9884098706980512e+33
-1.045043151395982e+17 5.352337630545638e+18 -2.4756515772416276e+18 -14070.237926680744 -18044.412723933143 -18297.165067316062 1.9884098706980512e+33
-7.671128308708236e+18 -3.02037102801626e+18 1.5985899097376218e+18 9225.063485077188 -48870.45752875079 16811.605869612562 1.9884098706980512e+33
-1.83629497101922e+18 1.693127762684046e+18 -2.1207935620700483e+18 3673.8205733391005 7772.5665291971545 -20436.334348080585 1.9884098706980512e+33
-6.243348847485454e+18 -3.1889166872687923e+18 2.048453181948026e+18 -18107.036722756373 -15911.784599084482 12948.341814475578 1.9884098706980512e+33
1.1668345008220777e+18 2.0198650816634957e+18 1.5300461997776748e+18 37354.60114186746 -23783.70741566646 18210.13796433942 1.9884098706980512e+33
6.802473570094527e+18 -6.335405520021367e+18 -1.0374396637339974e+18 -15950.346269706755 3755.4493885937027 -8877.593197971633 1.9884098706980512e+33
3.351816852243678e+17 -5.729052405088941e+18 -3.17120970170511e+18 -9347.97147644009 21186.10384887402 2064.2336151942445 1.9884098706980512e+33
-5.789237976610665e+18 6.87857292628576e+18 -3.41298969612825e+17 -7717.354567043426 -21600.985864206228 286.2044993176305 1.9884098706980512e+33
2.9439976925894804e+18 2.1201099407416087e+18 5.220713625169036e+18 14979.722721380891 23450.85959347527 -24382.885765860978 1.9884098706980512e+33
-4.620951685143454e+18 -3.5445230525447045e+18 -6.836176694315738e+17 841.6609842081951 6905.0523997373775 -32996.755178820466 1.9884098706980512e+33
4.123834640074522e+17 -4.770741056545602e+18 -1.6686980078632466e+18 12257.532576276546 14630.032597854573 -3795.5693763724703 1.9884098706980512e+33
-6.591361767643583e+18 2.8319987502073124e+18 2.551298427489533e+18 -21941.695413618465 23041.390571865442 15198.599991346811 1.9884098706980512e+33
3.5413334745223613e+18 -4.2466392432921536e+17 -6.088446421950678e+18 3583.413996283739 -30188.01611587747 12002.252050431807 1.9884098706980512e+33
-5.61232070923873e+18 -4.722013351589022e+17 -1.5122081527848128e+18 8331.461483256287 7425.099695810354 -38983.46746622649 1.9884098706980512e+33
-1.9728311389663488e+18 4.5296421936623483e+18 -5.780372949696827e+17 3902.55832654491 22463.82235173154 27347.72798417902 1.9884098706980512e+33
6.188732632307527e+18 4.3550105989867474e+18 4.0740078336516567e+18 13276.225202606405 -21900.507891302463 -9505.976128444217 1.9884098706980512e+33
-4.218848423124149e+17 1.1887810780799636e+18 4.114327069085823e+17 9868.25743623981 -29366.20163669465 -7701.52759785371 1.9884098706980512e+33
3.2636979344413425e+18 6.100170869750338e+18 6.334606619762748e+18 -11025.829806427148 -6218.0969472921315 1054.6469102380286 1.9884098706980512e+33
1.2356639849569518e+18 2.827036412848843e+18 -2.530314803300655e+18 1331.8543424741301 20240.936745311265 -32632.78490369498 1.9884098706980512e+33
-3.841865223445156e+18 -4.024092823632627e+18 1.01056434795333e+16 55728.53453377346 -2923.0061502915673 3617.1486917667885 1.9884098706980512e+33
-2.8409313255470336e+18 -7.136904408115511e+18 -5.30992829697951e+17 27021.696858298583 16703.347813752767 3269.0263578795357 1.9884098706980512e+33
-5.215603032221027e+17 -5.540886418806547e+18 1.7514934448754775e+18 -12979.613143640836 34763.67091753201 -12128.970537005836 1.9884098706980512e+33
4.3118863867505556e+18 7.356418328686916e+18 -1.8533333253642726e+18 2351.4635868799223 -665.3870762811912 16488.928799193516 1.9884098706980512e+33
-2.584081580366567e+18 5.597012957366017e+18 -3.7707656950262907e+18 -11209.003275306832 -22316.44115771445 -30728.933284758496 1.9884098706980512e+33
2.15822955072495e+18 1.652386433427613e+17 4.995178939097778e+18 -40612.17457542131 19262.080506324175 16071.506106378843 1.9884098706980512e+33
-3.938253250419846e+17 -1.5173254760935657e+18 5.114835555689703e+18 -20192.552815757375 15302.99370318608 -2555.311061648838 1.9884098706980512e+33
3.7274326199681075e+18 3.1271356911089403e+18 -3.290750632402221e+17 3058.845423000948 5180.0422309290525 46981.74601179323 1.9884098706980512e+33
3.452593845147815e+18 -8.488257789866493e+17 2.4267260237815875e+17 14901.71042748661 19744.778320257265 19776.28059075813 1.9884098706980512e+33
-1.3054378270653688e+18 -2.3566925676868516e+18 -2.087601550975821e+18 -23502.395258514425 6760.310427076263 1394.5686406033572 1.9884098706980512e+33
4.721797768959674e+18 1.0264908089889997e+18 -5.291722957541215e+17 -18430.544405234086 -18733.057160782846 -11674.009314526818 1.9884098706980512e+33
5.454721574155866e+18 -7.920448159070216e+17 4.0675336144220017e+18 -8410.295877980585 8969.919143889432 -8422.375722124776 1.9884098706980512e+33
1.350201565899398e+18 -3.0267473633808154e+18 2.922501848144313e+18 -29072.730794925657 -7017.326961630533 -40295.50735684116 1.9884098706980512e+33
-3.052084069511676e+18 -2.602504885197524e+18 5.617810429072588e+18 8249.04390430714 -19285.34193657794 -20831.006507224563 1.9884098706980512e+33
-2.3039795771339756e+18 -4.833936725714844e+18 5.847271057467394e+18 -25135.00242264953 13641.129153523203 -3621.400742673976 1.9884098706980512e+33
8.716103352746975e+17 2.3620764600807056e+17 -4.839317608765744e+17 -3714.369914507675 -29974.448147484673 18948.4333303537 1.9884098706980512e+33
2.131588724705283e+18 4.963813208302256e+18 5.234972757489692e+18 13699.46920047613 -37474.66152149631 3851.741578746387 1.9884098706980512e+33
-6.032151630428036e+17 1.1053600964141448e+16 7.74907171219938e+18 11686.277741206322 6113.143550327561 -25564.219278704586 1.9884098706980512e+33
7.10619140586961e+18 -5.238131931499823e+18 1.2545854775369645e+17 9812.098460797288 10636.413586850815 34920.597813522814 1.9884098706980512e+33
3.3447389828879654e+17 -5.520056136324069e+18 -9727518636988476.0 -20636.532171506355 -4521.459448809174 -14032.530915164745 1.9884098706980512e+33
-5.991721236532476e+18 6.818628049003602e+18 -9.01755305505212e+17 -12883.542388010088 -15423.29062996846 -12151.293380734694 1.9884098706980512e+33
-2.1922610584307346e+18 -3.895076249678978e+18 5.919195810494356e+18 31897.9038894346 -22454.665792075186 -23683.015331171162 1.9884098706980512e+33
4.6712513138325875e+17 2.1129488727230843e+18 -2.5061408334202634e+18 -311.79412547262757 -11426.648488647026 -24972.655229606287 1.9884098706980512e+33
-4.659973442789295e+18 -4.0360149433065247e+18 5.218040423615683e+18 -20052.622839973075 25908.60334991282 17295.053276561088 1.9884098706980512e+33
-5.962548609350271e+18 2.478082054658822e+17 3.6073644190556196e+18 19039.760751484755 -23010.59136106156 -2125.5450740378456 1.9884098706980512e+33
-2.3381845250819277e+18 7.506040142450135e+18 4.2584784102899886e+18 -484.1317723144821 18281.084520863486 27257.49778297706 1.9884098706980512e+33
-4.454216531708664e+17 -4.751263080260233e+18 2.837233704798313e+18 -5862.16774019929 -22315.37400936077 -32428.48804813958 1.9884098706980512e+33
6.611401001792106e+18 9.63444362828193e+17 1.166834987811063e+18 -20374.430725322025 -5495.199934224972 -16631.317821965178 1.9884098706980512e+33
-3.4132137233826724e+18 4.947934165773668e+18 -5.038333298929137e+18 -30860.315600591442 -41523.5886890906 -19623.2752083589 1.9884098706980512e+33
7.876226809608236e+18 -1.1161753980405518e+18 -1.4333408804702528e+18 -24072.482263213686 -3176.7928272343515 -33974.35296600523 1.9884098706980512e+33
5.199856151074695e+18 1.7136033931073838e+18 6.593736170578504e+18 -8280.536297747882 20251.55826667634 10635.392512441429 1.9884098706980512e+33
3.6714010564697667e+18 -3.9013130542722785e+18 -4.641888494920958e+18 4153.70355116219 15979.332150795912 18131.461953645183 1.9884098706980512e+33
2.317133217236351e+18 -3.076669531325634e+18 7.227020800843397e+17 19659.407754802483 -19120.044374199297 -13067.889524156786 1.9884098706980512e+33
5.378535132148489e+18 -2.6262142313873326e+18 2.4979924129875452e+16 -6971.677521180468 -17271.450547890392 39295.182159761505 1.9884098706980512e+33
2.3156151993078164e+18 2.6933411693199186e+18 -1.0197815171390397e+18 -31101.182343566365 -4178.5210820937455 -11751.364214484338 1.9884098706980512e+33
-1.4381842531885972e+18 4.876008074289042e+17 6.952102759893563e+18 7664.079334407184 39563.56920428336 8776.037667144108 1.9884098706980512e+33
2.548824093881879e+17 -3.214699690001108e+18 2.760773219728142e+18 37784.985528932935 -5346.386403072645 34.08086713355195 1.9884098706980512e+33
5.35935099138902e+17 -2.1290811391751306e+18 -2.834235505355078e+18 31512.82064503384 -9443.57586102888 -41351.37103725929 1.9884098706980512e+33
8.934353209570303e+18 1.8359212478487283e+18 -1.5349445995173524e+18 20619.506619012973 -21965.59229194199 -9012.055578460355 1.9884098706980512e+33
-8.652843551447022e+17 1.9634800291410053e+18 5.616660264621873e+18 30412.70490813461 3058.214419162787 31074.85891233936 1.9884098706980512e+33
4.437050626673487e+18 -4.132814719828929e+18 6.582819099837226e+17 3310.0551697266815 5322.395299739397 14042.84997406229 1.9884098706980512e+33
-1.9988437710449969e+18 1.270021302242713e+18 7.290884466985629e+18 13259.818786014932 -18098.05702705897 16299.339501260285 1.9884098706980512e+33
-4.240162411363092e+18 -2.991829617100749e+17 5.362215774824272e+18 -20417.592056984096 -19506.48950366348 14651.636412388692 1.9884098706980512e+33
1.7088629323992394e+18 7.342879377201553e+18 1.1931216928142769e+18 -2141.6233006366456 6018.292184936202 5667.854127932182 1.9884098706980512e+33
-3.4114615915965814e+18 1.152859750891105e+18 5.429238768450052e+18 19620.04308953672 -2810.59169104499 3783.986526443803 1.9884098706980512e+33
1.5628954397397676e+18 -8.432203107301884e+17 -2.5355432109885076e+18 -13082.90541271197 37626.04624183834 -23548.69511909771 1.9884098706980512e+33
2.845640243583878e+18 -5.022973622966459e+18 -3.659119030205625e+18 -19078.03466423281 -29094.049189267193 3174.2660227386395 1.9884098706980512e+33
5.906555775414309e+18 4.785704144081878e+18 1.6324475273306304e+18 -27787.244479811434 -22225.2366613966 17535.97495730357 1.9884098706980512e+33
7.473459342325767e+18 -1.7013515686825518e+18 2.7814764620862423e+18 41114.12043022723 -29965.975862284584 4147.466823903823 1.9884098706980512e+33
-4.487850297771203e+18 3.001917559921658e+18 2.8175570043902556e+18 19143.68835367936 38150.59901034297 27549.880591361863 1.9884098706980512e+33
-5.825879571962105e+18 -5.328010377122346e+18 -4.4111808842099226e+18 2957.893237941421 54292.130460668 20574.764629165922 1.9884098706980512e+33
3.697438803209401e+18 2.487408889742797e+18 5.850990167042964e+18 12190.291614467324 -8885.421609319883 -33561.020720971064 1.9884098706980512e+33
-4.0525159492213816e+18 4.512099893643552e+18 -9.989594047348582e+17 -31113.09834375304 26200.78174442433 -6993.679275447834 1.9884098706980512e+33
-2.1404054971048573e+18 -5.376035112329013e+18 2.1242124035376978e+18 -38227.24341909229 1463.5749272433675 25450.00998113765 1.9884098706980512e+33
8.074886656427136e+18 -2.145669494674484e+18 -7.542367459938629e+16 -22875.740990199505 5138.191881827152 -8177.039651715176 1.9884098706980512e+33
-3.8829375998107725e+18 -7.466785299014193e+17 -1.4798160701532928e+18 30566.932917831382 14170.400863846577 12283.433583353613 1.9884098706980512e+33
-7.68061045931061e+17 6.440344970788441e+18 1.852460743520304e+18 412.56492692569543 36056.46605818722 30305.749087525786 1.9884098706980512e+33
-2.615490917378613e+18 1.460874403026214e+18 -1.404105367656636e+18 25594.707036102765 16548.721277045373 22834.304125335824 1.9884098706980512e+33
-4.0575714187732895e+18 -3.8911535999136727e+18 2.50893675145044e+18 -27857.633722536324 7930.801443645496 -15938.170258504464 1.9884098706980512e+33
2.398258094965818e+18 -1.6330090615166758e+18 -1.5444025427894492e+18 23766.657353948085 -21129.206638811484 17209.20980384095 1.9884098706980512e+33
-2.7819819498983096e+18 -3.5954228505150254e+18 1.2809556113473608e+18 -8878.75021609885 -10009.747191606119 -10813.250994855232 1.9884098706980512e+33
1.2963266793289546e+18 1.0341672978781229e+18 1.103887540702624e+18 -8711.662302361488 10135.493691165138 -11094.195913219395 1.9884098706980512e+33
1.769697279465088e+18 -2.851724268643789e+18 7.15937767065824e+18 27798.656062966475 -1180.1519634825597 2787.962917704477 1.9884098706980512e+33
7.111921239040125e+18 -2.103420130302628e+18 3.2151100523153505e+18 1540.8237725656463 2294.4900421639372 21866.63411646797 1.9884098706980512e+33
1.2497863493646773e+17 4.818173015123938e+18 -5.2332512952189e+18 13359.460548123614 -44478.2079212952 -24286.367039428096 1.9884098706980512e+33
-2.0002806455960773e+18 3.880432122357569e+18 -2.860812116129762e+18 -17538.08702516541 24142.409054863852 -34351.57951541526 1.9884098706980512e+33
-1.0625441686426582e+18 1.5295686904455066e+18 -4.238744214131521e+17 -3410.3715763932687 28857.383410627826 -5002.325570306738 1.9884098706980512e+33
-8.942098864978303e+18 -9.335391365823895e+17 4.848994518508455e+17 -4234.343446215954 25030.753821862036 -1661.1806824755574 1.9884098706980512e+33
-5.313030644756511e+18 1.4886613981227226e+18 -5.284644062108632e+18 14090.576383754213 8714.08152237759 4434.10189104821 1.9884098706980512e+33
4.4357155546015933e+18 -1.334876753995753e+18 -2.5236858309231706e+17 6578.963036163036 -18792.269455691767 -42016.59724128171 1.9884098706980512e+33
2.003952064388852e+18 8.678325520834481e+18 -1.634431858625996e+18 -26003.35992689463 16784.88984604567 5705.778233335229 1.9884098706980512e+33
3.6544058725653033e+18 -4.869122837530499e+18 1.084043134693275e+18 13930.467554997698 28571.184551328468 14256.350055824845 1.9884098706980512e+33
3.677271967837552e+18 -5.98493969922159e+17 -1.4698306103911519e+18 -12828.440329230052 -12415.585085579518 -7119.792317938303 1.9884098706980512e+33
-1.3229826313198222e+17 1.5212789320864492e+18 -1.3970009974339254e+18 -35168.41260684949 -46030.23838929634 -10444.664569736222 1.9884098706980512e+33
1.409113760914623e+18 -2.947514775307121e+18 -5.583197995940795e+18 -15421.587155273744 -12509.395966328355 3909.222298243382 1.9884098706980512e+33
-5.995096709839309e+18 -1.5238044043332815e+18 1.354930266730061e+18 7310.2310575362035 612.2981417894771 23714.938500764318 1.9884098706980512e+33
4.858861356475321e+18 8.256439421760614e+17 3.7225995382383877e+18 2525.433403066907 7636.8603912665485 -35979.81448194556 1.9884098706980512e+33
-4.1897534121041925e+18 9.465117403239648e+17 3.4938626619096264e+18 -17979.89613834107 -36186.62799044327 13625.600624943507 1.9884098706980512e+33
7.876138445019714e+18 -5.5823714651499174e+17 -1.9334952064157757e+18 6081.504055249304 2575.180626332103 -25016.731420683405 1.9884098706980512e+33
-1.8946998775025274e+17 3.7021252764422753e+18 -4.124475286955691e+17 28172.24929151982 -27630.6793766038 -14015.376868120662 1.9884098706980512e+33
-4.385316858792372e+18 7.385758845071788e+18 3.802610016170754e+18 -6382.3282107647565 4402.407145932906 -6730.509294266967 1.9884098706980512e+33
-1.0964294280195022e+18 -1.3154758949284972e+18 7.346784528373786e+17 9920.684075641728 -18097.939371427547 3996.89536088036 1.9884098706980512e+33
1.5491470412421501e+18 -1.5163920809529587e+18 -1.5259379177873325e+17 -4393.077636412262 -13995.310934342499 15592.016273908876 1.9884098706980512e+33
6.978204521531691e+18 -1.463875323966237e+18 -5.251147630280013e+18 14075.965046644582 -2095.222730387387 -183.99945659059404 1.9884098706980512e+33
5.558042632567392e+18 2.25260357644866e+18 4.63080424107583e+18 -9037.692187864131 -16219.010981770813 14244.069677316134 1.9884098706980512e+33
-2.8960244968259386e+17 -2.797058834464206e+18 2.894808901669241e+18 153.23130527220343 42659.98470571912 14668.000866380065 1.9884098706980512e+33
-9.903699623045702e+17 7.248036577089721e+18 3.767967505975471e+18 31158.31009974221 2343.242284068329 -20362.83055202839 1.9884098706980512e+33
2.3931907345005046e+18 -7.254922844490799e+18 1.0922306646372732e+18 -18273.826052053435 -8859.839968892273 14006.41282648349 1.9884098706980512e+33
-2.3185990443074724e+18 -5.584282116247587e+18 -2.436321105463399e+18 14606.773240258315 -37609.68097849304 -13546.765966873108 1.9884098706980512e+33
-8.068678987587588e+18 1.1005954461884243e+18 -3.388794210514401e+18 -2577.517264147655 -4234.932481111538 22450.952881012297 1.9884098706980512e+33
2.250972953012912e+18 1.1257463231947881e+18 4.2213056741317335e+18 1755.5458778906718 23524.461783213046 -15604.042078480334 1.9884098706980512e+33
4.710182386137802e+18 -6.482899107414809e+16 5.000172734073058e+18 358.7698161797268 38596.45236518341 -25157.927790350626 1.9884098706980512e+33
5.799022559448459e+18 2.4558319029681193e+18 3.687025076909897e+18 -21507.46632140324 -965.9691249034063 18621.28855354983 1.9884098706980512e+33
-5.855762599636154e+18 1.6234675180619412e+18 -2.737320204500287e+18 -29422.835492724826 34288.226761199 15100.248422337188 1.9884098706980512e+33
2.7197961563606815e+18 8.750242797846802e+17 6.994088362302866e+18 -1390.0122618915252 3247.0324658498084 -5696.5792617189745 1.9884098706980512e+33
1.0324557642714602e+18 -1.0552990712347937e+18 3.784096733734584e+18 -37857.96884673233 32913.75368474508 -19397.660309066705 1.9884098706980512e+33
